param I := 20;
param J := 6;
param t_max := 35;
param Mr := 1950;
param minSplit := 2;
param nu := 0.01;

param ds :=
    1  14
    2  19
    3  16
    4  21
    5  28
    6  14
    7  21
    8  19
    9  15
    10 14
    11 22
    12 18
    13 18
    14 20
    15 20
    16 15
    17 14
    18 17
    19 23
    20 18;

param rho :=
    1  0.8
    2  0.8
    3  1
    4  1
    5  1;

param ra :=
    1  240
    2  400
    3  264
    4  390
    5  200
    6  440;

param maxnint :=
    1  1
    2  1
    3  3
    4  2
    5  1
    6  1;

param proc: 1 2 3 4 5 6 :=
        1  286 71 144 403 52 253
        2  84 148 212 407 96 204
        3  78 241 122 368 37 233
        4  41 67 137 260 45 148
        5  617 441 331 355 180 399
        6  69 242 162 205 75 158
        7  393 237 209 316 122 246
        8  63 119 49 86 70 96
        9  101 77 107 846 199 365
        10 58 154 323 489 182 421
        11 34 350 264 675 96 438
        12 93 202 180 1289 185 240
        13 148 93 238 803 67 290
        14 353 179 403 938 253 534
        15 4 97 22 702 107 283
        16 118 54 231 969 37 250
        17 85 385 303 260 133 409
        18 121 333 147 247 104 364
        19 480 327 493 630 174 423
        20 77 111 124 522 63 174
    ;